713	1696
1261	2647
625	807
94	707
81	1568
443	1113
579	936
1096	1235
390	1154
1294	2639
1005	1181
190	1578
1639	1692
53	529
2383	2702
354	487
206	907
483	514
332	1346
228	1577
12	59
979	2576
1065	1762
4	2692
19	1700
2277	2381
312	975
1584	1666
1246	2078
1634	1851
712	2021
1086	1293
1085	1734
222	321
806	2674
440	2578
220	2494
591	1890
1059	1089
307	2353
1404	2294
1088	1382
550	793
275	569
329	1771
95	1347
1296	1752
1962	2403
1501	2512
1807	2449
501	2190
1609	2447
435	1917
1641	2568
611	1780
447	1679
1992	2430
1762	1942
950	2410
956	1702
511	2250
337	495
514	2246
672	928
519	2651
571	1881
18	2436
1447	2407
1709	2587
439	1140
1620	2080
427	762
520	1033
346	2057
226	791
139	1882
1420	2448
1535	1763
983	1190
327	861
76	1980
1474	2193
1789	2619
271	2700
698	2671
630	771
374	1432
1647	1762
652	1856
1997	2574
1386	2023
1208	2418
1519	1854
2029	2628
15	511
71	900
1256	1415
294	1654
1978	2151
762	935
324	1899
307	821
103	1876
1106	2063
123	2194
1707	2582
604	2037
1744	1974
245	2686
277	2213
805	1408
237	1139
1230	1838
243	1994
591	1904
1774	1910
2080	2139
1612	2337
515	534
864	1753
151	2166
2074	2082
1208	2425
1958	2083
1531	2622
595	2369
860	1497
1228	2062
1410	2217
2534	2598
524	2157
1320	1558
655	1854
435	1541
1176	1913
1477	1632
1299	2253
1351	1386
287	416
194	2212
310	1603
698	1560
1006	1233
1843	2610
1912	2226
994	1106
212	1410
1556	1730
373	1628
985	2469
1131	2467
85	98
652	2259
1258	1478
73	253
386	2550
2422	2535
649	1444
1314	1659
1918	2182
492	801
642	1234
922	2391
1339	2479
208	1827
296	1376
1206	1605
711	2642
1001	1002
782	986
1648	2080
284	2702
394	1524
2022	2390
272	308
653	2376
1996	2511
2036	2604
285	413
102	2438
728	2492
323	1463
860	1782
44	1971
422	853
581	1914
83	1795
338	1545
13	1022
2389	2513
147	1460
647	2537
1799	1897
460	1647
812	1679
2326	2530
1400	1682
1729	2072
1316	2131
781	814
1875	2153
1070	1808
1145	2001
2165	2293
148	1888
1639	1721
351	1048
1478	1723
196	958
463	2321
1145	2384
348	1188
588	852
57	817
1860	2172
0	1679
152	422
267	2409
394	2675
2160	2455
2142	2230
1300	2560
389	1208
622	2125
748	1188
2138	2347
583	1456
176	2112
1645	2526
864	1001
1912	2240
411	1277
1338	2549
1343	2473
810	2439
128	334
113	768
723	2513
1699	1940
349	725
551	2215
261	595
829	970
516	2448
1078	1385
1890	2422
1196	2387
2080	2271
82	2345
197	1184
17	397
51	1367
1601	2527
275	2386
4	1063
1264	2448
927	2429
841	1576
248	2171
1717	2462
2441	2557
1	2291
737	2249
228	675
1318	2060
415	1653
2464	2530
856	2228
110	252
392	822
304	477
1156	2126
752	1212
88	324
49	2453
399	998
164	1782
2095	2514
150	1739
1416	2160
1794	1979
1421	1952
1028	2048
2506	2530
1139	1855
1099	1956
974	2576
1748	1891
940	2656
495	958
45	560
637	1078
1796	2061
416	740
0	73
1886	1950
1382	2129
805	1815
1601	1707
1836	2390
150	2570
697	1731
1072	1553
1197	1694
2384	2481
1113	2033
1173	2389
15	2167
972	1369
1255	1529
823	2659
534	2377
1323	2362
431	563
615	2358
708	2516
1793	2622
1660	2374
661	1528
2042	2380
481	761
376	1116
616	2517
622	1624
2093	2694
2170	2315
22	904
725	849
1388	2039
227	1659
688	1714
1648	2124
142	619
1189	1700
1643	2084
1068	1902
888	2375
134	255
265	311
869	1998
652	1157
393	2667
2156	2321
447	2295
2531	2566
220	1952
346	682
71	817
23	1382
2008	2529
1436	1913
476	2662
755	2398
1171	2421
115	1502
990	2381
249	976
72	2179
318	1345
531	1331
118	771
662	1100
1643	2370
423	2093
236	1945
2002	2545
632	1679
956	1973
224	1638
1577	1616
103	2430
1924	2105
749	1886
427	2456
726	2268
1018	2128
1510	2672
1304	1460
826	978
609	799
2165	2319
65	364
693	2080
981	2647
1902	2311
179	228
515	798
435	1647
812	1279
1585	2105
77	1277
1996	2538
524	2039
1119	2389
583	1097
39	2371
733	1063
2352	2405
519	847
479	499
1133	1412
1703	1790
1719	2702
1655	1729
880	2553
261	1313
650	2170
26	422
1054	1572
982	2528
781	1781
1319	2019
1754	2647
1808	1896
1589	1911
556	1939
1996	2616
466	1191
520	1855
851	1282
84	892
1386	2331
887	2112
1187	1759
1515	2229
877	947
899	1114
739	2170
1679	1711
1310	1976
539	598
78	764
358	2706
657	2227
1259	1995
1718	2294
195	544
945	2333
86	790
32	985
1007	2015
334	2605
334	1292
741	1268
277	1226
1501	2627
780	893
287	2595
1386	1943
669	1998
1575	2600
148	1488
457	608
577	1654
665	1764
1146	1153
510	2581
1082	2144
119	1846
1507	2093
1724	2154
1262	1627
2192	2465
293	1492
704	2501
939	1390
2066	2603
967	2050
103	169
1022	1147
1076	2384
1269	1498
206	1124
464	1345
1580	2117
1804	2288
2202	2631
2591	2622
347	738
1202	1259
612	980
61	912
1507	2245
46	241
966	2249
1853	2258
105	820
786	1529
1098	2471
790	1964
1534	1699
1710	2572
45	274
200	1508
351	1574
1175	2462
474	2165
1233	2630
1759	2601
7	1132
62	974
858	861
1572	2660
91	1415
74	1397
1553	2517
793	1167
731	2409
1139	2452
541	1455
317	2085
185	1840
1400	2664
995	2188
1862	2536
272	2564
1620	2488
276	1250
98	1778
1612	1881
1185	1201
1247	2458
1376	2220
1740	2591
1327	2692
425	1349
1068	2391
1786	2067
1642	1916
659	2335
264	2563
355	2073
119	2128
896	1979
585	640
546	2217
1031	1964
1004	1972
398	2055
757	898
773	1400
1068	2278
853	1321
1388	2002
968	2120
177	748
475	1250
491	633
1232	1357
860	1241
1437	2650
384	1768
584	2104
9	974
341	2202
1941	2394
707	1421
2386	2628
75	1590
440	612
515	1256
722	1597
957	2617
868	1452
430	2069
229	801
1700	2100
602	1625
1002	1929
1116	2515
1135	1210
1626	2421
1744	2686
2637	2649
84	801
1701	2520
1116	2581
1704	2398
1307	2058
311	1333
1932	2623
1284	1910
117	2256
199	2047
518	987
1227	1527
392	912
2139	2268
468	2478
2067	2398
869	1480
90	1583
322	592
1680	2052
99	2400
56	2384
596	1044
1070	1656
488	2591
1520	2177
139	599
725	1673
909	1010
415	1432
841	900
123	1131
21	2374
2149	2646
1806	2249
40	2457
9	141
566	2647
20	1599
771	1793
2312	2485
2069	2622
498	829
169	1387
303	420
1332	2404
662	1696
1257	2637
1818	2517
861	2439
385	1270
1323	2148
583	2618
227	1527
174	868
50	987
249	2092
250	1954
1660	2133
86	1454
1453	2481
153	943
2054	2555
946	1461
1908	2478
554	1214
1660	2673
1430	1656
988	1803
1303	2486
847	1758
1517	2266
103	435
90	1413
844	1054
1	412
2045	2201
40	422
2052	2228
352	1853
1930	2441
1665	2005
7	2389
1513	2203
1348	2268
840	1196
790	1851
112	1257
1055	2277
189	2122
1176	2522
964	2170
965	2511
2463	2691
296	2192
181	690
536	1088
922	2137
552	2244
2054	2546
106	2244
528	1354
83	1232
1018	2486
180	980
496	2391
1124	2595
662	2365
98	953
1300	2514
275	2166
430	2094
253	1445
363	742
379	1309
1073	2280
91	1153
152	2312
1673	2049
700	2218
686	850
1185	1486
589	1758
123	166
542	1975
1459	1905
86	1924
619	2490
52	106
1122	2383
884	1156
653	1610
1099	2316
545	1780
968	2148
1996	2070
14	170
328	652
1581	1721
1382	1919
1752	1775
2015	2390
264	1480
887	2464
1921	2119
547	1981
992	1822
2457	2664
456	1616
1674	2313
2361	2652
211	1522
345	2545
1410	1641
1593	2162
943	2147
270	1171
623	1023
770	1857
188	1109
1400	1848
1548	2148
490	2551
251	575
69	897
840	1541
141	394
440	1983
327	1812
769	1912
286	2164
852	2047
213	989
357	2195
603	1168
382	433
643	1897
534	583
435	1273
1927	2065
116	562
337	1422
622	2088
1742	1820
717	1399
37	1151
520	2424
1362	2606
901	1202
2101	2333
782	2264
941	1051
1817	2106
345	2554
1066	1912
1553	2426
1551	2638
1644	2647
114	1898
632	1012
137	1536
1797	2212
281	1392
1004	1934
1165	2605
1733	2673
330	614
825	1062
681	873
388	1915
539	1808
295	1395
1479	2206
2128	2177
10	949
1004	2110
198	1878
931	1264
1135	1619
252	647
2555	2697
1288	1829
196	984
536	948
145	1647
705	1941
1727	2470
370	608
1287	1824
526	1584
1542	2315
318	1268
523	1512
445	2463
765	991
1566	1693
1217	2116
702	2614
992	1361
38	1283
666	1194
1206	1707
2102	2204
672	744
839	1207
338	2177
199	355
455	1710
477	1492
460	999
1472	1747
119	1783
962	1716
1845	2467
1707	1792
1476	2522
361	1744
625	1655
481	2282
1726	1825
373	2255
909	1752
54	790
772	1093
2007	2134
41	355
1716	1889
558	2073
666	1609
358	440
2299	2398
30	1150
239	1971
1069	2004
937	1925
1274	2387
667	1494
1292	2019
564	854
640	2703
707	2423
1396	2665
1296	1423
1462	2438
196	1694
1264	1735
305	1969
2115	2370
1638	2631
1417	1812
293	2640
1278	1844
1561	2232
1187	1911
1807	1888
2153	2185
1132	2451
285	1910
1136	1537
1025	2149
526	2348
493	1148
74	1460
1510	1549
1536	1855
70	2446
1005	1686
1514	2088
34	1680
551	736
972	2030
1733	2693
1310	2211
1110	1740
351	1523
773	1415
626	2277
1107	2267
1167	1514
134	309
411	720
1838	2482
933	2220
2034	2641
1066	1275
1171	1219
676	1561
1342	2046
1915	2405
1091	2030
188	467
1235	1685
65	738
926	1089
135	2298
911	1625
15	1241
2366	2434
625	1633
117	1731
854	1319
1019	1195
1466	1735
124	442
1171	1620
492	566
1564	1752
1933	2539
113	2409
2430	2677
139	1285
1063	2188
767	2308
1317	1496
552	862
314	2536
405	2591
1800	1864
648	1767
1859	2000
1646	1975
1653	1779
180	1264
1750	2361
1989	2544
43	994
635	729
322	2539
2285	2437
409	1799
175	220
318	1462
269	2001
1434	2308
1568	2498
477	1253
1405	1659
500	1082
783	2491
688	1478
343	1605
410	2132
1632	2159
891	2581
1643	2495
939	2242
1302	1329
2214	2560
399	2495
367	714
237	2352
1336	2350
2255	2268
83	1356
303	2200
2427	2607
1173	1436
904	2057
1074	1958
918	1511
191	1026
1388	1579
2287	2414
1331	2561
1763	2170
107	326
671	2305
751	1302
723	2364
797	1077
2081	2628
1538	2346
1283	1525
462	2662
1990	2686
272	416
2155	2176
58	580
1813	1886
953	2466
1085	2094
1675	2066
1651	2068
411	1219
1150	1997
1121	2207
209	657
500	1645
2135	2213
1167	2616
1622	2573
1148	2007
920	1114
78	472
173	731
1961	2218
501	1380
362	1422
407	1806
659	1059
88	1388
773	2422
1658	1776
1323	1743
170	2326
1194	1302
1353	1536
306	2403
1283	2572
172	2523
179	1917
937	1667
1050	1513
1854	2283
565	817
348	869
1864	2350
1799	2069
499	1353
301	345
1221	1703
893	1259
74	847
592	1142
927	1638
1526	2135
20	630
1621	1978
1201	2217
1175	2443
2145	2445
1633	2222
1634	2369
559	1409
1466	1896
1394	1840
286	1663
700	1440
312	353
292	834
349	2627
387	1988
498	1643
303	2385
433	2514
983	2180
2050	2141
17	1638
325	624
1299	1341
1396	1410
1547	1858
589	1306
685	1477
146	2321
1825	1967
190	874
1191	2608
46	853
179	1197
1138	2015
1605	2455
1950	2343
1399	2701
1398	2250
426	1384
2181	2660
992	2240
1841	1958
1428	1855
747	1891
367	2506
400	828
1917	2678
80	2113
499	2703
995	1225
1360	2592
38	2285
483	957
1872	2099
508	1849
1115	2358
1099	1165
214	1630
899	1090
1385	1716
1783	2065
364	2368
420	2162
1039	1824
33	623
779	2496
2151	2361
141	1734
2390	2436
2225	2626
972	1969
3	2460
794	2666
637	2316
613	1953
386	389
584	2458
1312	1569
358	914
412	1566
1342	1358
1069	1518
20	1429
1857	2382
661	2141
711	2259
675	796
281	2657
1139	1366
982	1510
210	2505
906	2529
172	2353
2007	2701
2224	2584
1644	2249
200	1978
1917	2575
1588	1837
403	1791
310	1468
563	1596
101	1733
2081	2362
397	1390
647	2066
633	2087
558	2278
684	869
1278	1456
1019	1310
121	1556
562	1020
1755	2015
531	1834
604	1932
525	2058
582	730
68	1611
541	2703
458	1279
605	1668
580	1218
560	1253
385	1911
120	198
1058	1525
804	1115
2391	2548
769	2025
79	1682
1057	1980
1163	2040
918	1665
1024	1256
1286	2609
896	2423
910	1553
909	1591
290	1394
2242	2335
1681	1949
181	2241
519	603
698	2525
22	940
496	899
1680	2372
66	544
1563	1834
1687	1781
837	1242
359	1162
994	2562
197	736
336	2323
317	422
324	2215
306	2125
374	983
162	1596
1003	2021
2058	2669
113	1323
495	2549
1467	1836
71	1703
2325	2499
1371	2353
1156	2499
1513	1823
198	1260
138	2141
174	2242
303	1230
184	1951
290	2621
1270	2296
792	2034
1224	1836
320	1881
871	955
713	1032
33	347
1367	2397
1701	2503
688	868
31	1498
481	1638
1358	2048
8	476
63	2037
1022	1752
1205	2126
1912	1981
774	989
436	2627
54	2637
1609	1780
685	1582
919	938
513	2481
549	2515
446	854
193	2248
1336	1379
93	1133
292	1635
901	929
0	2558
2216	2619
207	1454
811	1721
1123	2394
745	1914
142	1994
34	1062
896	1600
516	1032
203	1701
1864	2571
145	1376
111	341
626	2084
1339	2444
2013	2465
1809	2073
1780	1896
1135	1924
359	1067
726	1143
356	840
779	1029
137	2453
503	1110
87	1180
656	1821
222	2685
1709	2599
639	2489
1065	2277
1156	2594
2289	2573
859	1244
486	1776
647	2446
843	1201
646	743
1290	1745
338	1467
1355	1526
730	1919
2296	2488
647	2335
1199	1668
364	2301
495	1198
2521	2665
1098	1116
1166	1238
2426	2543
161	1749
2617	2699
1024	2645
648	2594
22	945
1589	1884
1871	2118
235	1268
1004	1841
1426	1993
1254	2619
1677	2313
2331	2665
1029	2178
1778	2208
691	1951
1059	2349
1276	2672
554	1779
471	1527
382	1960
532	2589
116	231
1248	2399
1745	2167
945	983
561	2221
1755	2335
358	1530
1558	1567
1089	1633
1154	1467
256	1948
591	2650
43	907
539	1038
1207	2428
1555	1799
1005	2372
1774	2407
1404	2089
412	649
1371	1901
1080	2436
1769	1802
202	245
2059	2682
342	1839
594	892
267	2383
302	1090
961	1054
1689	2454
2046	2182
2337	2552
404	1492
1012	1204
108	1087
179	409
18	105
1339	1480
400	1870
1754	2192
661	1145
60	1542
852	1562
344	1554
738	1870
609	1050
937	2442
1260	1311
65	2022
490	2548
675	806
1975	2150
361	1080
453	706
2297	2473
574	2279
2187	2438
334	1707
1631	1918
517	1026
177	2697
1721	1860
179	1479
264	2251
82	2661
456	1993
723	1849
668	718
717	2632
1171	2381
440	2135
1165	1983
793	2634
1433	1482
477	2492
934	1673
42	964
825	2148
384	2548
794	800
1569	1741
1706	2054
7	1432
1045	1347
233	1245
926	2513
1217	1248
887	1572
229	990
84	2073
50	1548
1032	1825
1825	2106
286	2475
1944	2083
452	611
807	1782
2006	2154
2170	2662
132	958
1230	2536
110	2166
771	2136
291	2405
504	1619
763	1729
338	374
530	2358
1410	2505
1651	2098
948	1909
310	1370
455	1304
223	2095
37	280
1522	1562
558	2438
18	1265
153	827
504	1986
195	2483
567	2561
524	1085
965	2176
483	2650
672	2493
1637	2239
1679	1933
331	1227
22	23
105	924
2246	2590
258	2528
22	861
1657	2319
386	1017
1072	1646
467	1962
1152	1667
122	1773
17	2116
101	2366
1095	2670
346	724
257	588
1175	2187
1360	2430
645	908
801	2193
231	2375
1762	2058
268	575
323	1267
1731	1734
1197	1928
148	1125
112	334
220	442
884	2043
1139	2642
651	2436
103	1772
1137	1194
129	1904
440	848
1050	1974
1034	1421
1434	2176
1143	2467
1170	1853
11	1953
102	1719
985	2126
100	569
32	388
2269	2552
1511	1610
1296	2451
923	1355
1876	1937
126	1822
849	2417
606	1990
912	2463
1513	1973
617	1333
549	1255
1118	1943
894	1570
338	2382
1098	2265
2312	2409
264	2272
2313	2608
1023	1782
1550	2523
970	2644
1068	1810
810	2546
45	169
1689	2216
11	428
1183	2335
2184	2286
403	2418
348	817
256	890
786	1690
1531	2413
1276	2216
120	2596
1092	2467
554	759
552	2502
349	580
722	1685
1534	2072
1424	1458
1083	1306
797	2343
470	824
600	2514
666	2551
332	2125
560	2275
366	1043
867	1460
733	2186
58	2434
603	2311
1761	2536
1720	2008
211	345
1494	2109
88	1548
1070	2313
844	2012
42	354
795	1312
3	1359
926	2010
1209	2078
959	1810
855	1430
898	1428
1486	1805
2	138
81	1653
2364	2414
663	2105
1380	2272
382	2144
721	1692
121	678
689	2561
397	1360
139	2592
802	1504
420	1975
2145	2538
1691	2568
38	2129
2623	2654
154	787
691	1300
818	1131
282	1522
586	2626
1065	1082
2190	2577
1409	1685
1070	2320
1752	2162
418	1778
517	587
1912	2331
1327	1557
1209	2668
192	1649
27	1456
93	196
1104	1880
960	2045
120	862
1796	2151
7	1525
622	1061
635	2389
608	1645
1474	2593
650	1554
1454	2043
516	2266
229	1242
1739	1883
513	2204
1172	1201
40	2010
2433	2456
1047	2238
2031	2050
134	253
1245	2270
768	2355
655	949
1400	1601
936	2609
800	1187
2160	2168
1083	2537
731	2249
1349	2499
1096	2468
1605	2468
573	2567
1308	2340
440	562
1677	2071
1257	1327
454	2091
1974	2032
1520	2135
252	2568
762	1737
12	1873
2280	2641
758	1578
1767	2551
1915	1955
478	536
352	1314
1798	2313
286	1230
805	945
2112	2638
1854	2391
21	1000
903	1234
92	2051
230	2004
724	764
617	2239
693	1100
109	223
435	884
1639	1981
904	1444
1271	1278
1820	2660
322	2259
652	801
31	2568
232	1869
1058	1631
444	2506
197	2320
936	2275
1622	2128
774	2549
2184	2186
237	1489
271	1291
80	1760
93	2530
811	1211
2491	2628
1388	1872
403	1846
1701	2594
339	2389
1832	2276
474	1877
845	2222
545	1168
563	2488
2354	2448
196	1207
989	1730
787	1443
71	2492
739	1978
1658	2662
210	1994
1590	1795
514	2650
1883	2298
414	2017
1198	2398
751	2558
1053	1312
519	1138
708	748
1535	1698
146	863
1622	2588
1267	1505
1457	2587
1457	1905
1108	1933
838	2633
409	1342
1301	2325
1334	1649
430	1561
128	568
537	857
239	959
25	2393
1486	1575
900	1018
129	2536
1374	2547
2298	2669
250	1062
193	2123
1400	2111
737	1844
280	2174
1808	2150
2252	2657
153	977
943	1497
1685	2203
1313	1339
895	1039
1959	2002
1402	2206
553	1579
740	1848
331	949
217	2646
1700	2048
501	2222
527	1942
38	1159
1736	2348
316	1597
277	2012
480	781
432	2679
1544	2484
1646	2682
1426	1875
1210	1918
1217	2236
1621	1867
698	1840
1302	1633
3	804
369	1425
686	1802
2135	2449
1714	2597
940	2073
914	2545
534	2547
157	1868
1243	1546
301	584
1757	2489
800	2115
12	1559
73	2138
1982	2337
1471	1725
1743	2457
1435	2125
497	547
1818	2571
147	2531
1176	2136
367	1737
690	1375
1959	2155
339	682
1687	2605
1005	1962
1210	2093
661	2576
1371	1373
1885	2438
1652	2066
536	1971
1275	2561
1085	2034
1510	2536
1437	1928
237	2531
1375	1671
1555	1883
1337	1658
1648	2145
1774	2363
322	1974
1306	2027
2170	2609
1692	1819
208	1497
889	1367
15	1485
1223	2400
918	2381
1771	2399
219	1935
1806	2244
950	1585
1127	2023
1587	1733
966	2690
120	1080
872	2706
1034	1533
881	1742
1250	1284
902	2608
1325	1825
758	761
662	2457
1080	1533
107	2059
2431	2674
1404	2640
1396	2618
584	1952
2112	2125
771	1492
982	1978
1055	2289
326	1667
1130	2008
881	2168
454	2457
460	2131
1450	1522
1224	1980
1513	2104
142	1705
1120	1155
1042	2132
92	101
649	2477
151	2611
1104	2128
2107	2132
2087	2304
326	2322
955	1781
1591	2114
531	677
395	1597
644	1530
574	2652
898	1814
777	2161
1257	1380
1613	1791
172	937
230	976
624	779
508	671
554	1681
25	2610
1054	1460
330	2099
1040	1473
1466	2408
501	1353
1635	1801
749	1842
1190	1538
621	796
497	2615
725	2186
1825	2077
881	1179
1377	1611
758	1536
408	1749
1305	2236
708	1405
601	1296
1276	1937
1076	2358
600	893
1426	1538
693	1947
1682	2540
1151	2084
53	823
106	1674
423	2456
795	935
1540	2252
1631	2648
1059	2035
196	1364
1623	2648
1861	2499
996	2365
26	2383
205	1069
155	590
262	1387
1111	1547
126	1271
305	382
458	1144
297	2448
2007	2453
1824	2534
169	2397
53	1412
2253	2461
1380	1973
421	1846
1287	2012
1968	2233
1149	2042
190	2488
1120	1623
1726	1976
1499	1687
1257	2478
327	1824
807	2363
133	172
390	810
10	1266
2289	2303
1150	1206
2335	2486
616	1812
102	2679
413	1815
699	1566
2349	2547
351	2553
332	682
516	757
973	1290
621	2315
444	2015
136	2605
962	2387
1256	2102
1402	2237
241	736
715	1506
660	1279
425	1302
238	946
357	1140
528	928
414	2474
90	1764
1193	1796
659	672
105	1701
366	1154
1451	1484
754	833
381	2694
757	1689
1180	1951
671	2024
465	1415
937	1308
340	2259
968	2150
2123	2674
1210	1619
1595	2109
473	573
244	2679
596	1977
460	1979
44	1115
178	2213
889	2060
654	870
968	1119
604	1059
611	2354
1671	2573
1257	2225
1267	1686
78	1603
1505	2410
459	1042
1370	1804
429	1109
1369	2589
1369	2256
1313	2360
0	660
425	2050
316	2474
316	2007
2052	2212
2254	2343
420	2222
440	2426
1025	1551
901	1970
1359	2528
1980	2191
1338	2181
119	2063
2404	2676
806	2213
1164	1763
678	2341
796	831
568	2493
100	1638
694	1293
246	2486
1921	2682
1436	2595
2143	2673
2097	2452
56	2692
2126	2369
26	709
1936	2359
603	2475
155	1886
393	548
444	718
245	2481
783	1395
620	1865
1434	2060
383	1290
1973	2686
2452	2679
496	752
2020	2492
1062	2155
687	1763
1886	2563
14	2116
32	205
706	2411
1061	1715
1880	2350
1047	1294
1430	1778
153	2446
868	1910
1947	2277
1610	2409
693	1593
332	2081
1844	2243
208	2596
865	2363
1279	1840
482	852
407	578
1101	2139
655	2239
191	1551
452	1175
1613	2077
1659	1982
860	1165
57	2588
32	2524
2103	2195
513	2136
1367	2576
250	788
2135	2186
638	1365
1750	2156
368	1155
1358	1650
261	2226
133	1677
1551	2592
1910	2576
171	183
1167	1510
1948	2338
727	864
562	1340
452	1571
959	2265
942	2179
2372	2434
89	2062
2675	2691
438	1215
337	1302
621	872
1527	1715
204	1876
82	1506
1863	1964
341	1437
147	1861
1256	2420
1339	1898
1327	1672
411	1541
840	2118
674	932
197	2013
748	1192
974	2449
2148	2663
23	2533
59	475
1657	1707
26	2036
408	721
1126	1788
943	1438
1015	1943
905	1980
619	771
501	2302
233	1341
1739	2650
1158	1431
55	1807
188	1850
1801	2277
406	865
807	2632
538	1421
1970	2037
1092	1986
1847	2192
736	879
166	2630
2004	2648
366	441
406	1658
1093	1298
67	2041
930	1612
1393	1817
1404	2126
231	618
362	727
1643	2098
591	2419
569	1268
2319	2646
602	2197
2319	2552
1542	2408
155	180
1681	2580
271	1153
406	1811
1785	2509
1550	1946
1120	2052
1935	2693
1759	1855
1034	1570
2421	2510
455	1876
1969	2159
226	1075
557	1602
1842	1977
462	932
1962	2381
1572	2510
995	2441
117	966
301	1332
263	1533
446	1959
446	525
2480	2508
1228	1416
2438	2663
398	944
277	545
1110	1964
701	1183
102	1440
31	2321
1209	2407
1536	2499
2473	2695
21	1971
246	436
49	166
1197	2239
52	885
908	2125
760	1359
794	1570
504	2008
1033	1318
1733	2333
92	262
1655	2259
715	2602
790	2455
1207	2623
1444	2536
1120	2425
155	1423
559	1524
2100	2529
1227	1756
1093	1626
143	2312
196	2271
2066	2645
157	2502
640	822
510	1882
1601	1625
461	2285
1784	2641
916	2370
699	2610
833	1082
318	503
397	1638
1929	1956
143	1481
2314	2551
1982	2564
1582	2057
1733	1847
2237	2682
910	2621
1703	2306
598	628
931	2095
2086	2276
634	2414
1356	2274
1865	2107
112	1188
169	2242
1214	1390
98	2325
758	2289
328	1536
1382	1568
495	1578
977	1985
229	1294
193	2024
959	2040
1944	2039
1343	2238
168	2704
977	2478
845	2036
56	1343
1049	1692
1581	1984
25	1239
593	1640
318	986
1705	2107
505	2123
913	2140
1781	2491
1759	2631
383	2566
565	2517
1595	2489
266	2278
1525	1661
477	2400
1051	1139
1241	2277
1200	2005
499	748
976	1909
248	300
407	1516
2442	2518
245	2407
196	2014
1298	1569
1569	2335
424	2425
660	2329
956	1533
172	1452
804	1838
1435	2065
1074	1631
1136	2104
269	396
73	564
2512	2591
2418	2597
1326	1703
1024	1681
488	936
1186	2582
1213	1359
218	2067
1492	1649
827	1746
346	1180
2133	2280
761	1831
556	2047
202	2292
2140	2561
317	557
216	929
506	752
692	719
646	2053
623	1073
1782	2594
1661	2034
720	2442
1346	1830
465	743
1279	1673
1438	1993
816	1827
430	871
840	1930
195	1342
1925	1927
38	1955
662	1188
680	2685
831	1250
801	2269
339	1012
877	1888
392	2308
763	2240
586	808
2098	2113
1033	1083
902	2152
1736	2263
774	1633
901	1127
2121	2665
744	1503
1392	1461
806	1016
126	319
1435	2174
1825	2506
671	2264
2399	2400
765	2491
302	1782
834	1213
801	1017
691	2630
151	2344
2019	2251
1308	2024
193	294
17	2169
742	2541
2268	2465
508	941
1501	2349
1319	1898
461	1611
1168	1481
413	969
198	1377
1301	1697
2596	2641
817	2654
864	1580
477	2379
420	909
1106	2396
707	1671
822	2369
63	1763
340	1147
306	746
473	829
236	1332
770	2121
443	597
1433	2495
222	1716
1086	2062
129	2423
1216	2676
72	2058
1664	2215
784	1307
486	1401
644	1913
2115	2694
1876	2639
348	2284
64	157
251	2684
482	1050
1064	1378
2100	2678
36	1701
188	2557
314	918
349	1429
300	600
541	1815
876	1297
33	2012
1821	1902
1180	2074
1623	2342
2097	2619
26	2694
1882	1900
364	1257
77	555
97	1826
387	1083
318	577
216	2344
407	837
27	250
689	1404
83	1190
422	1715
87	331
1507	2017
1086	1928
1068	1208
1484	2277
1148	2120
1712	2107
188	852
610	2307
148	2057
377	1140
1224	1831
1131	1624
1537	2557
892	972
1257	2061
631	1157
187	2011
266	1770
83	688
1120	2323
391	2450
2032	2305
756	2538
310	775
2302	2489
942	1736
2393	2544
878	944
1953	2284
1746	2616
1371	2355
799	881
363	2496
101	1145
650	1507
1795	2232
35	1046
285	1043
647	2285
1230	1959
609	817
1764	2491
1662	2498
1839	2379
2101	2148
140	2084
374	1257
1208	2016
1213	2076
1624	1693
725	1013
1025	1484
990	2191
180	961
74	111
700	1077
1599	1654
950	2162
496	725
1401	1857
845	2483
416	2307
302	777
724	1777
126	1592
599	2180
801	1666
1488	1739
792	2579
221	690
915	1491
303	1804
813	2157
792	1105
1804	1914
697	1310
606	2293
2157	2618
686	839
247	1576
389	2387
1649	2520
184	1197
1752	2317
77	169
273	2384
659	2207
675	1699
1062	1341
917	1627
860	2441
2127	2401
136	702
1265	2485
1807	1960
941	2557
634	2673
1651	1664
1273	2056
169	231
1152	1984
392	760
1014	2459
1131	2376
60	2550
236	2687
2	2572
1417	1521
82	1535
1041	2395
118	2687
178	1876
1570	2343
0	1334
517	745
699	794
131	1837
691	1904
2080	2514
141	1221
1624	2307
516	758
201	2660
481	1194
1416	2694
772	2175
66	1518
1190	2501
283	893
2316	2466
729	1168
1915	2516
1087	1863
2440	2562
681	1844
940	2189
153	2066
2621	2644
994	1886
683	1276
512	2631
1296	1756
1392	2615
726	964
1511	2206
2153	2507
2300	2478
545	2153
184	1974
1936	2579
2325	2706
5	200
4	1437
1077	1465
912	2283
318	1626
824	1511
1422	2291
718	967
1599	1882
181	2083
685	796
336	475
726	1608
483	1766
197	2651
2305	2439
2030	2569
734	1531
828	2014
875	2366
786	2341
1048	2235
913	916
271	1020
1215	2508
99	2642
475	849
495	552
40	1833
990	2661
1156	2046
656	1425
449	2485
757	2676
111	1101
1528	2429
201	430
704	1785
3	1207
2021	2092
459	2018
114	1701
13	742
324	1879
1460	2345
2296	2359
400	783
823	1473
1751	2426
1808	1971
98	1934
1911	2072
823	2086
347	2691
1244	2227
1239	1790
1755	2113
394	2026
1623	2411
1855	2106
703	881
464	1301
284	705
1229	1544
514	1250
122	2288
1288	1659
240	1144
556	2665
237	1973
2228	2322
60	888
560	1201
1053	1980
125	2536
228	1651
513	1466
245	2337
583	620
1198	2125
1036	2533
1126	1944
662	2056
375	1857
9	754
930	2328
1720	1878
288	2334
687	2160
602	780
731	1065
37	1374
57	1981
1105	1171
454	1383
1450	2660
977	1660
1158	2182
1234	2255
40	2113
583	2477
232	565
300	1478
1046	1573
1594	2335
1539	2546
182	1800
43	1976
2529	2656
774	1242
728	1333
528	775
1476	1984
1600	2305
984	1693
1769	1985
1011	2182
1969	2567
795	2543
1399	1736
354	532
2073	2233
723	795
1907	2328
87	2606
809	1682
1695	2083
280	2389
404	1006
479	1130
1145	1239
667	800
1396	2669
761	1308
818	835
508	2705
1094	1256
2244	2312
1281	1805
837	1964
1931	2441
519	2552
573	2335
1055	1467
323	2588
636	1838
394	1603
88	1450
220	626
199	1891
533	2191
593	774
934	2152
1179	2126
210	1486
1317	1944
357	2067
1160	1907
1148	2644
550	1943
1419	2452
972	1471
595	2073
846	1294
314	1959
396	482
22	2658
203	715
2236	2519
205	1988
545	1358
853	1405
1392	2167
1134	1991
2178	2487
1853	2518
263	281
177	867
2063	2696
912	1242
2083	2227
182	294
148	837
40	198
1106	1513
271	2416
526	1686
1446	2130
2468	2524
1281	1402
1212	1468
127	1904
680	2484
1328	1697
537	2586
502	1737
1161	2109
1293	1949
784	1203
241	1947
1431	1485
644	736
595	1855
1070	1386
386	1523
757	1402
1443	2307
1139	2653
476	2161
506	800
1448	1707
2123	2533
1187	2068
49	1609
253	1375
130	1290
165	596
1529	1531
336	1600
794	1438
344	2123
2079	2239
76	1666
1307	2618
77	643
1568	2585
1106	2543
1744	2504
65	270
49	1278
1961	2435
12	344
1083	1840
269	1179
929	2024
464	1975
738	2499
1732	2678
1010	1683
88	1550
922	1072
2526	2546
1414	2127
191	1674
912	2343
429	747
463	1371
282	1199
1521	2703
716	736
515	973
398	1028
1411	1962
1928	2304
1292	1497
5	1127
600	1902
696	2691
1846	1961
345	1934
655	2025
735	2014
1358	1783
2470	2542
27	1243
45	1240
1229	2669
434	472
1061	1831
573	2346
2023	2119
1385	2186
457	682
2547	2681
1035	1793
2394	2404
1813	2309
427	1391
1445	1500
838	1871
36	349
1216	1377
1607	2254
129	1634
509	2589
1415	1665
1076	1471
750	1133
650	1498
385	1130
1217	1437
2092	2570
554	2359
2284	2524
580	2090
229	2116
864	1850
1699	2701
117	2294
833	1709
1370	1634
2105	2106
1041	1602
930	1197
931	1033
267	1300
1336	1485
961	1925
496	2484
1033	1906
113	717
885	1490
705	1281
754	2305
1401	1431
590	2294
95	1249
1162	1922
167	1000
70	582
177	1706
249	2597
30	1230
75	1545
709	2193
1054	1245
294	501
3	1000
828	1346
48	719
66	738
1258	2487
768	1374
515	1304
60	1924
1380	2022
1299	2662
1548	2542
467	1245
856	1148
604	1367
894	1847
358	1408
63	2352
119	571
140	2647
1572	2635
600	2164
673	2485
1307	2561
255	445
1882	2017
793	991
1464	2309
621	2181
1421	1712
72	2548
598	2032
90	613
1497	2464
1326	2592
1989	2230
189	1135
117	754
1298	2113
83	1832
1458	2134
1338	1403
1508	2578
1967	2691
481	1425
350	1355
1434	1951
1435	1488
1027	1478
1098	2679
1577	2085
161	426
510	1682
572	1287
426	2153
1091	1282
908	1793
1064	2402
890	1402
1925	2507
1777	2059
2458	2687
474	1343
831	1622
1068	2180
1174	2116
497	1081
1279	1986
14	2388
2172	2521
428	2627
432	1708
75	1264
1699	2626
1088	2356
245	481
564	1762
231	2203
1853	2261
1789	2381
254	1573
576	580
698	2602
455	970
1642	1725
866	1989
509	1784
1380	1940
542	1645
804	2432
307	1768
1211	1783
253	2576
216	1672
1995	2244
471	1265
964	2075
1044	2525
389	1145
397	1959
1022	1151
1169	2265
750	864
591	2340
1490	2111
940	2076
540	1593
1606	1861
206	843
1225	1741
1333	1977
711	1900
1243	2287
436	1918
1144	2392
49	1558
948	2067
1113	1858
1420	1853
397	543
414	903
1680	2353
1475	1794
829	1020
1199	1206
882	2649
1296	1801
1173	2204
282	1085
778	1613
692	1600
1403	2431
2114	2691
1619	2646
149	1739
113	2266
2429	2468
434	2187
82	2036
931	1774
580	2496
1024	2369
1463	1881
148	1676
1284	1478
1964	2656
2290	2456
578	1745
657	981
1557	2591
823	1164
950	1483
244	1583
271	2149
623	1747
1444	2141
407	1982
1610	2187
1110	1189
938	1592
1094	1751
7	1951
786	1202
1459	2391
1570	2331
784	2565
228	1928
598	795
856	2298
758	1266
777	1867
1144	2295
321	1351
263	1628
427	1583
1100	2557
16	2291
1391	2254
106	1577
1268	2392
1146	1847
480	942
61	1523
230	991
1166	1421
9	1660
1005	1627
215	782
73	171
1134	2305
596	2579
21	561
2127	2574
516	2644
1234	2581
183	2630
1234	2475
445	1659
89	1277
250	974
175	1336
530	1164
921	2431
788	1813
995	2602
189	853
191	374
1131	2017
585	1764
714	890
1895	2123
1112	2069
146	1355
2454	2484
524	751
1615	2168
11	516
1957	2188
290	331
1007	2047
1328	2210
1970	2587
296	2101
1504	2694
918	1266
1073	1142
249	1249
2147	2172
1155	2365
365	2503
1193	2373
2427	2658
1167	2480
487	599
756	2267
628	1229
878	1937
629	1301
687	980
585	2453
7	1933
531	1051
69	1651
1443	1896
802	1463
1886	1995
1456	1652
482	846
107	1648
139	2666
787	2352
273	2528
792	955
1144	2309
4	1828
662	2383
716	779
700	1229
1085	1849
2278	2481
1403	1436
1052	1427
165	2152
1749	2099
301	2017
528	939
1005	2487
286	512
283	2616
1916	2473
698	1436
440	741
469	2373
429	957
762	2666
896	1086
1576	2427
1324	1545
182	799
578	1616
77	748
1732	1961
609	2582
1242	1633
622	2227
415	2131
689	2624
34	1365
308	1021
1837	2033
1057	2504
1199	1448
92	2254
1353	1445
816	1080
1873	2094
121	982
451	699
66	2458
1957	2659
343	2264
271	1014
883	1586
1199	2424
1241	2268
903	1818
920	1126
727	1789
1371	2329
355	1675
1107	2450
948	1120
689	2549
338	2192
236	843
1395	1664
1698	1989
973	1973
2157	2272
1125	2173
1015	1892
1941	2131
1555	1800
1076	1261
820	1443
934	1510
1323	1544
25	967
1271	1993
1354	2639
1462	2276
447	1868
45	1298
1561	2208
587	1486
678	881
309	588
2224	2701
847	2117
1430	2275
628	2103
2175	2333
44	239
584	2136
76	2191
211	861
742	2059
1617	1981
2318	2450
1287	2535
771	1726
351	1435
1195	2394
1968	2266
101	379
815	1892
586	1635
622	1719
657	1060
1974	2496
935	1993
1009	1682
1469	1563
457	571
613	614
925	1972
2204	2497
2114	2371
626	1212
642	2274
557	1918
1086	2212
2127	2254
1909	1968
802	2203
834	1306
841	1338
1312	2273
2088	2500
196	426
1051	1179
1733	2565
597	1665
442	573
544	1195
17	1142
1832	2439
759	2598
1232	1784
1881	1993
539	2038
1472	1697
781	1697
1073	1170
839	1391
10	2577
866	2389
1347	2676
400	1026
532	1835
326	2078
1558	2407
467	726
14	1748
1251	1435
422	2469
576	827
337	935
853	1755
1901	2041
1076	1122
300	2572
707	2132
752	962
1785	2497
1093	1525
1364	1670
1134	1812
892	2695
210	1598
1058	1147
230	1932
159	2101
86	286
1738	2434
515	985
310	621
1502	2254
644	2095
373	802
1280	2706
1373	2048
912	929
802	1123
517	1557
590	1141
1181	2488
457	549
1855	2421
493	2410
2237	2501
1838	2685
37	2242
98	644
1146	1401
537	2204
70	1714
1518	1968
235	990
1439	2183
735	1188
643	672
1951	2318
110	1522
2350	2482
61	2111
1105	2548
799	2217
1093	1208
1375	2682
615	627
905	1438
1119	1730
250	1552
11	2514
324	895
713	920
1023	1215
132	1244
286	2336
1494	1741
2098	2104
270	1273
1201	1763
639	1013
241	1906
809	1133
577	2296
532	1420
38	2566
827	2264
670	1076
21	1750
604	1507
1228	1880
2154	2383
1816	2009
359	1715
795	1471
1875	2378
468	2523
724	1168
1076	1709
1945	2679
1040	1649
1061	1087
656	1701
1280	1978
208	2024
1475	1505
208	727
1265	2370
1187	1992
264	2418
526	2158
311	1627
57	1704
989	1924
741	2050
1030	1519
950	2080
649	1497
540	965
929	2200
1149	1522
1990	2406
1407	1427
645	2642
112	1661
1274	1768
991	1046
275	2393
243	569
1582	2156
530	2249
1098	1121
523	878
90	1648
1149	1966
1078	2304
993	2068
1808	2507
290	2342
1419	1476
1677	1805
757	1056
466	1282
139	1448
853	1211
1227	2367
687	1301
2407	2584
286	695
778	2668
143	299
1418	1601
467	1834
871	1981
1463	2424
1166	1501
966	1939
1495	2654
1417	2651
1566	1786
1415	2112
860	1291
1656	1820
1411	2615
1035	1570
443	562
2473	2582
165	2674
209	820
2046	2442
752	1024
866	2425
1396	1608
208	338
1805	1845
319	1409
124	2162
486	2340
836	1482
714	810
1631	1860
1401	2661
440	1435
468	1976
554	819
958	2344
24	655
102	1369
101	122
1183	1495
1407	1790
1025	2123
2004	2449
1160	1946
1413	1661
572	888
481	1301
41	813
1985	2275
867	1551
465	2624
2245	2450
1480	2442
168	765
1658	2244
256	2090
64	958
1154	1594
359	1044
311	901
1436	2417
2306	2578
1910	2134
135	312
393	809
778	1593
1517	2682
873	2429
654	1441
1605	2266
1677	2301
1581	2441
1238	1249
700	2457
49	1937
1482	2473
781	1131
502	1696
987	2295
772	1061
2059	2210
723	2170
116	1793
650	729
1180	1768
2321	2690
1332	1610
1241	1600
1761	2213
871	1971
1058	2060
1438	2565
86	904
1079	1548
729	1231
1151	2361
550	858
661	1991
1250	1380
1565	2449
630	1049
1000	1496
1794	1926
1020	2276
1845	1952
1672	1772
541	2131
28	2423
1217	2426
386	2068
808	1129
2256	2368
292	2476
982	2216
892	2523
1396	2633
1041	1594
1016	1654
1996	2006
158	2040
146	1952
1365	2196
1055	1789
494	511
1412	1642
909	2446
525	1753
428	1927
1405	1972
508	1686
1935	2239
1372	1768
930	992
918	2281
310	1586
1375	2039
129	1001
258	706
1032	2225
1770	1952
954	2701
377	1603
854	1471
1506	2565
243	503
708	811
1351	2517
511	1426
20	373
426	934
330	2476
1183	1196
174	731
750	1793
69	527
1997	2034
284	2638
1833	1873
1030	1740
143	2544
60	1464
1225	1933
1617	1756
2100	2552
1897	2120
371	2372
1523	1988
109	2416
1602	1931
204	613
164	2285
1260	1777
1617	2316
839	2577
1817	1858
2245	2690
532	2106
814	830
1798	2524
1014	2033
70	704
489	604
1987	2453
273	437
1068	1663
950	1385
812	1630
3	1126
1092	1814
46	1524
947	2314
361	2565
729	1853
2024	2147
836	2474
310	343
1933	2285
2150	2535
509	2195
904	1164
104	1536
283	1241
1630	1640
1171	2587
10	563
2304	2343
121	2144
1260	2404
129	391
133	2044
153	1379
499	1249
65	1432
306	1398
673	2649
87	223
1667	2125
471	1494
732	2318
1900	2475
820	883
380	1344
757	2247
147	1953
1036	2518
1219	2427
238	637
685	2688
868	2411
555	2161
644	2620
83	1958
102	317
1410	1599
1277	2249
1276	2269
1243	2444
1551	2401
2006	2419
695	1923
553	2640
804	2626
1990	2170
1558	1886
531	934
1006	2655
735	2185
21	1654
1634	2664
414	2295
122	508
215	899
739	2706
2044	2222
116	1448
1224	1754
118	1493
508	2488
362	2655
676	2685
27	2013
35	2104
2496	2670
313	691
242	1659
456	2464
791	1047
503	2537
102	1763
1762	2208
1390	2555
1672	2622
514	2381
566	838
177	1975
1770	2208
858	1226
1492	2052
128	1256
1036	2652
75	2445
1803	2448
2193	2245
1328	1804
672	1824
526	959
1448	2605
1366	1560
1313	2103
72	673
432	1214
1295	2494
1287	2413
352	2125
571	2640
575	1356
3	1394
501	842
1706	2651
1634	2659
12	2289
1593	1743
887	1313
72	1147
1017	1748
233	1958
201	601
293	1885
701	2437
366	1462
129	1013
222	481
1164	1940
723	1340
1769	2625
10	714
1096	1558
373	1116
101	1127
1807	2432
621	1648
2220	2309
684	2386
1238	2578
366	399
1502	1855
2470	2584
1565	2051
313	2005
929	2112
658	2507
1183	2657
50	842
856	2590
1422	2641
1207	1310
682	1131
1001	2496
703	2066
606	1614
616	1364
1590	1907
472	2553
1247	1334
361	1867
2046	2193
428	2116
410	2078
1093	2433
704	2654
1609	1784
810	995
1869	2667
345	1694
1556	2275
1044	1763
1077	2683
435	487
1130	1580
38	2548
413	2103
1542	2167
1077	1791
84	1884
209	2455
1356	2270
486	1014
1898	2435
1819	1910
1909	2414
405	1977
775	1155
1315	1859
505	2385
674	2633
472	2129
853	1920
250	541
264	2432
785	2183
398	1697
186	446
1782	2130
722	1286
520	1991
1021	2510
2265	2588
142	459
1525	1721
940	1947
1126	1163
1760	1907
1001	1155
247	328
1040	1309
1446	1630
376	2478
34	1005
793	2683
2	217
951	1562
986	2546
797	1318
548	2653
743	2606
1519	2427
446	667
184	1969
402	920
383	1828
370	654
898	2625
834	951
782	2171
14	2650
1228	1854
1904	2196
1127	2173
1899	2457
1240	2090
1879	2695
1123	2085
1238	1781
522	840
557	673
1572	1843
859	1781
1711	2376
378	2372
410	1617
427	1455
1393	1627
853	2162
1299	1387
535	1810
778	2412
641	1092
527	2044
494	2252
1721	2650
56	312
414	1003
477	2519
1609	1988
553	2596
1007	2052
1764	2499
38	2417
145	2540
306	1066
1520	1713
32	726
417	600
858	1198
1472	2517
1121	1365
1953	2476
362	766
1971	2630
38	1064
261	1164
776	1494
1126	1919
455	2648
621	2235
1708	2565
1337	2426
706	2125
752	2230
356	890
568	887
1161	1663
1751	2284
145	2318
594	1514
739	1413
966	2185
2506	2686
1241	1470
1168	1872
905	1934
231	1313
693	1494
1236	2196
919	1940
383	2331
816	821
1185	1692
1848	2561
1495	2605
2590	2599
384	1405
239	1146
1006	2193
494	1226
811	1355
230	1789
198	1418
674	830
749	1818
1632	2311
280	2638
552	1182
608	1424
741	2255
1271	1434
464	1997
1188	2090
418	893
20	1847
522	2315
1581	1709
244	1880
1474	1567
292	2162
1712	2366
1134	1810
1757	1962
25	632
785	1314
1426	1789
1043	1657
793	2638
755	1923
97	573
328	2342
49	1572
120	1705
2426	2453
441	1991
1094	2061
2355	2551
1345	2272
425	1063
164	2560
1468	2226
972	2223
1847	1968
1851	2196
302	517
931	2413
804	1458
965	1580
1172	1492
691	2276
2388	2594
1324	1491
975	2684
221	438
1006	2554
1497	1967
928	969
928	1284
2432	2627
2102	2278
718	1942
477	2587
2037	2394
649	1889
757	1728
1694	1955
907	1503
1618	1764
335	2218
1591	2345
157	2305
899	1257
734	1919
720	1440
626	1513
630	646
386	1784
1405	1829
1591	1970
1373	2480
253	1265
125	1724
1439	2182
256	1402
1236	2499
278	2486
1159	1967
2218	2547
278	880
463	650
2191	2689
2193	2196
796	1186
2018	2061
920	1189
158	2653
912	2010
2283	2587
1256	2609
419	1488
1178	1552
291	1594
143	2288
2343	2519
573	2446
1985	2079
1952	2569
1187	1423
67	825
869	1829
303	729
126	835
2058	2598
1506	1771
1198	2471
915	2629
1734	1987
537	2299
654	2351
622	1044
687	2510
329	889
110	872
1231	2033
996	2589
164	1920
828	1105
497	1606
1280	2159
529	2428
84	863
1466	1878
1156	2351
187	2576
551	1630
143	1693
832	1034
594	860
131	1213
437	2662
1886	2180
667	936
155	1788
10	1603
1590	2197
859	1181
1438	1656
488	1198
233	2029
1469	1799
516	1865
207	1977
238	2674
1703	2232
264	1567
209	1140
622	2683
126	1788
869	1838
607	1945
3	689
1312	1659
622	1055
710	1277
2318	2334
400	990
1529	2264
2058	2480
1304	1445
226	1908
1214	1721
424	1321
337	1174
49	505
1120	1247
906	2074
358	1243
1254	2447
1509	2205
471	1778
806	1808
187	672
114	311
194	511
1594	2358
1025	2446
1595	2131
721	2431
702	945
2307	2345
868	1433
1382	1815
743	881
524	1546
707	1703
1165	1556
416	1698
1018	2521
49	2447
123	1629
1320	1754
1751	2174
967	1572
474	1147
2306	2665
1911	2257
1214	2083
231	2246
1591	2690
311	1813
493	1351
902	2392
2059	2619
351	2327
860	1467
736	2366
163	1158
2284	2422
1062	2533
853	1976
852	2586
2082	2099
1567	2601
1322	1767
2	936
2277	2438
1093	1170
1748	2078
919	1346
334	1095
1814	2084
752	2619
1871	2109
987	2570
797	2477
2196	2663
530	1426
1400	2198
1031	1654
1	1310
1402	1945
1231	2554
404	1869
478	844
279	677
854	855
525	2169
346	995
278	1860
611	927
801	2345
2230	2301
50	2633
618	2531
1299	1620
1008	1713
589	1100
408	1373
1076	1247
1222	2528
522	2382
148	393
437	2673
2119	2621
526	1303
334	2069
175	1083
1423	2454
250	1144
1859	2540
431	1851
1249	1719
1800	2081
1378	2536
632	1137
423	536
655	2655
2121	2684
1132	1317
543	827
729	795
54	102
2415	2533
993	1727
766	2683
564	1677
1863	2037
49	2631
249	2207
1452	2234
447	2633
273	1950
243	1326
521	1834
520	1854
259	1928
1978	2078
1109	1918
894	1086
1374	1630
1442	2584
1334	1404
1312	2665
789	1202
1088	1437
1411	2319
193	1273
1420	1978
969	1411
2221	2278
381	790
151	449
522	666
2158	2420
1465	2536
1131	1753
1113	1224
1815	1927
629	2361
2366	2369
970	1259
2037	2304
1585	2378
1718	2478
407	2505
1196	1457
2385	2422
843	1646
861	1294
43	1263
152	1526
140	2632
1337	1643
506	1819
1279	2695
543	2280
1284	1490
860	2172
1310	1954
774	1002
1251	2677
1561	2349
724	1641
1210	1508
1570	2286
552	912
1626	1807
2005	2009
1189	2271
569	2271
120	1500
834	2408
1299	2042
1518	1796
2024	2261
1701	2193
1033	1628
298	1688
1526	1650
2126	2607
1408	2207
155	2409
1438	2695
840	1786
709	2589
947	1342
1714	2647
1255	2613
612	1939
1472	1519
1986	2514
673	1360
9	520
2630	2645
1471	2646
572	1844
1988	2646
1728	2111
276	339
55	719
1218	1944
585	2675
101	450
1152	2208
2063	2264
39	2415
128	2036
1456	1502
1030	2241
1467	2553
1611	1824
1394	2480
10	1077
561	2646
1595	2699
1938	2364
2282	2689
1419	2521
1818	2572
1175	2087
2401	2516
1951	2015
1198	1629
78	125
389	1503
70	2215
197	1317
1017	1118
1192	1996
1166	2608
227	1145
1522	1713
258	1056
383	2646
656	2176
646	1716
363	2293
1077	2060
602	1286
782	1655
877	927
1144	1279
1298	1835
240	1009
220	1446
690	1145
1096	2165
992	1446
152	2680
98	1849
1012	1221
1136	2318
1762	2254
726	1656
1005	1195
1427	2005
599	2291
912	1713
381	914
753	2343
1385	1474
2126	2617
1890	2337
1338	2274
548	1101
289	1093
859	1514
784	1856
437	1584
240	921
2204	2586
21	1549
990	2296
490	2085
107	1073
508	1860
31	1810
252	784
533	1596
1601	1691
481	1745
1010	2650
1126	1182
848	1921
1111	1408
1465	2126
562	2665
619	2648
284	2426
128	808
145	910
1418	2697
722	1258
795	1184
260	1853
1569	1571
1136	2309
1165	1571
7	1740
21	127
1628	2615
1598	2158
1091	2398
1770	2073
127	1100
354	2176
481	2706
522	1012
2091	2670
2092	2526
874	1271
561	1517
472	2123
565	2406
927	2612
509	849
678	1447
273	1478
697	2545
5	107
102	1057
1277	1493
582	1492
1596	1647
420	1996
954	1182
238	384
1219	1296
1931	1945
317	1296
